INSERT INTO TM_salary(cl_rank, class, pt, Expt, salary, del_flg)
VALUES
     ("L1", 1, 0, 0, 150000, 1),
     ("L1", 2, 1, 0, 152000, 1),
     ("L1", 3, 2, 0, 154000, 0),
     ("L1", 4, 3, 0, 156000, 0),
     ("L1", 5, 4, 0, 158000, 0),
     ("L1", 6, 5, 0, 160000, 0),
     ("L1", 7, 6, 0, 162000, 0),
     ("L1", 8, 7, 0, 164000, 0),
     ("L1", 9, 8, 0, 166000, 0),
     ("L1", 10, 9, 0, 168000, 0),
     ("L1", 11, 10, 0, 170000, 0),
     ("L1", 12, 11, 0, 172000, 0),
     ("L1", 13, 13, 0, 174000, 0),
     ("L1", 14, 15, 0, 176000, 0),
     ("L1", 15, 17, 0, 178000, 0),
     ("L1", 16, 19, 0, 181000, 0),
     ("L1", 17, 21, 0, 184000, 0),
     ("L1", 18, 24, 0, 187000, 0),
     ("L1", 19, 27, 0, 190000, 0),
     ("L1", 20, 30, 0, 193000, 0),
     ("L1", 21, 33, 0, 196000, 0),
     ("L1", 22, 37, 0, 199000, 0),
     ("L1", 23, 41, 0, 202000, 0),
     ("L1", 24, 46, 0, 205000, 0),
     ("L1", 25, 51, 0, 208000, 0),
     ("L2", 1, 9, 1, 180000, 0),
     ("L2", 2, 10, 1, 183000, 0),
     ("L2", 3, 11, 1, 186000, 0),
     ("L2", 4, 13, 1, 189000, 0),
     ("L2", 5, 15, 1, 192000, 0),
     ("L2", 6, 17, 1, 195000, 0),
     ("L2", 7, 19, 1, 198000, 0),
     ("L2", 8, 21, 1, 201000, 0),
     ("L2", 9, 24, 1, 204000, 0),
     ("L2", 10, 27, 1, 207000, 0),
     ("L2", 11, 30, 1, 210000, 0),
     ("L2", 12, 33, 1, 213000, 0),
     ("L2", 13, 37, 1, 216000, 0),
     ("L2", 14, 41, 1, 219000, 0),
     ("L2", 15, 46, 1, 222000, 0),
     ("L2", 16, 51, 1, 225000, 0),
     ("L2", 17, 57, 1, 228000, 0),
     ("L2", 18, 63, 1, 231000, 0),
     ("L2", 19, 70, 1, 234000, 0),
     ("L2", 20, 77, 1, 237000, 0),
     ("L2", 21, 85, 1, 241000, 0),
     ("L2", 22, 94, 1, 245000, 0),
     ("L2", 23, 104, 1, 249000, 0),
     ("L2", 24, 115, 1, 253000, 0),
     ("L2", 25, 127, 1, 257000, 0),
     ("L3", 1, 17, 2, 217000, 0),
     ("L3", 2, 19, 2, 220000, 0),
     ("L3", 3, 21, 2, 223000, 0),
     ("L3", 4, 24, 2, 226000, 0),
     ("L3", 5, 27, 2, 229000, 0),
     ("L3", 6, 30, 2, 232000, 0),
     ("L3", 7, 33, 2, 235000, 0),
     ("L3", 8, 37, 2, 238000, 0),
     ("L3", 9, 41, 2, 242000, 0),
     ("L3", 10, 46, 3, 246000, 0),
     ("L3", 11, 51, 3, 250000, 0),
     ("L3", 12, 57, 3, 254000, 0),
     ("L3", 13, 63, 3, 258000, 0),
     ("L3", 14, 70, 4, 262000, 0),
     ("L3", 15, 77, 4, 266000, 0),
     ("L3", 16, 85, 4, 270000, 0),
     ("L3", 17, 94, 4, 274000, 0),
     ("L3", 18, 104, 5, 278000, 0),
     ("L3", 19, 115, 5, 282000, 0),
     ("L3", 20, 127, 5, 286000, 0),
     ("L3", 21, 140, 5, 290000, 0),
     ("L3", 22, 154, 5, 294000, 0),
     ("L3", 23, 170, 5, 298000, 0),
     ("L3", 24, 187, 5, 303000, 0),
     ("L3", 25, 206, 5, 308000, 0),
     ("L4", 1, 45, 6, 273000, 0),
     ("L4", 2, 50, 6, 278000, 0),
     ("L4", 3, 55, 6, 283000, 0),
     ("L4", 4, 61, 6, 288000, 0),
     ("L4", 5, 68, 7, 293000, 0),
     ("L4", 6, 75, 7, 298000, 0),
     ("L4", 7, 83, 7, 303000, 0),
     ("L4", 8, 92, 8, 309000, 0),
     ("L4", 9, 102, 8, 315000, 0),
     ("L4", 10, 113, 8, 321000, 0),
     ("L4", 11, 125, 9, 327000, 0),
     ("L4", 12, 138, 9, 333000, 0),
     ("L4", 13, 152, 9, 339000, 0),
     ("L4", 14, 168, 10, 345000, 0),
     ("L4", 15, 185, 10, 351000, 0),
     ("L4", 16, 204, 10, 358000, 0),
     ("L4", 17, 225, 10, 365000, 0),
     ("L4", 18, 248, 10, 372000, 0),
     ("L4", 19, 999, 999, 0, 1),
     ("L4", 20, 999, 999, 0, 1),
     ("L4", 21, 999, 999, 0, 1),
     ("L4", 22, 999, 999, 0, 1),
     ("L4", 23, 999, 999, 0, 1),
     ("L4", 24, 999, 999, 0, 1),
     ("L4", 25, 999, 999, 0, 1),
     ("L5", 1, 85, 11, 361000, 0),
     ("L5", 2, 94, 12, 380000, 0),
     ("L5", 3, 104, 13, 400000, 0),
     ("L5", 4, 115, 14, 420000, 0),
     ("L5", 5, 127, 15, 440000, 0),
     ("L5", 6, 140, 17, 460000, 0),
     ("L5", 7, 154, 19, 480000, 0),
     ("L5", 8, 170, 21, 500000, 0),
     ("L5", 9, 187, 23, 520000, 0),
     ("L5", 10, 206, 25, 550000, 0),
     ("L5", 11, 227, 27, 580000, 0),
     ("L5", 12, 250, 29, 600000, 0),
     ("L5", 13, 275, 32, 620000, 0),
     ("L5", 14, 303, 35, 640000, 0),
     ("L5", 15, 334, 38, 660000, 0),
     ("L5", 16, 999, 999, 0, 1),
     ("L5", 17, 999, 999, 0, 1),
     ("L5", 18, 999, 999, 0, 1),
     ("L5", 19, 999, 999, 0, 1),
     ("L5", 20, 999, 999, 0, 1),
     ("L5", 21, 999, 999, 0, 1),
     ("L5", 22, 999, 999, 0, 1),
     ("L5", 23, 999, 999, 0, 1),
     ("L5", 24, 999, 999, 0, 1),
     ("L5", 25, 999, 999, 0, 1);